>Bacillus_subtilis_complete_genome:
4046 BS.pilon.polished.v3.ST170922
>Cryptococcus_neoformans_draft_genome:
   2 100
   9 10000
   7 10003
  11 10009
   2 10010
   7 10013
   2 10022
   6 10027
   9 10040
  19 10060
   9 10069
   9 10070
   9 10086
   1 1009
  26 10092
   9 10106
   6 10115
   4 1012
   7 10136
   9 10138
  11 10139
   1 1016
  10 10174
  12 1018
  12 10184
   7 10188
   7 10192
   4 10194
  14 10196
   1 102
   8 10200
   7 10205
   5 10213
  11 10216
   8 10223
   6 10224
   6 10225
  10 10231
  12 10234
   9 10238
   7 10248
   5 1025
  17 10256
  14 10257
   3 10260
   8 10283
   8 10296
   7 10299
  20 10300
   9 10314
   5 10317
  13 10325
  12 10329
   4 10335
   9 10340
   4 10344
  10 10345
   3 10351
  12 10354
   8 10360
  14 10371
  11 10373
   6 10383
   8 1039
   7 10390
  10 10395
  19 10410
   6 10415
  12 1042
  12 10420
   1 10421
  10 10430
  11 10438
  11 10440
  16 10455
   5 10460
  14 10462
  16 10467
  11 10469
   6 10476
   4 10482
   4 10483
   9 10485
  12 10489
   7 1049
  14 10497
   9 10503
   1 10505
   8 1051
   9 10517
  32 10519
   6 10525
  11 10528
   9 10540
   5 1055
   6 10561
   7 10564
   5 10586
   2 10587
   5 10588
   6 10589
   8 10591
   8 10595
   5 10603
   2 10607
  13 10608
  14 10620
  11 1063
   7 10631
   9 10648
   3 10656
   7 1066
  10 10665
   5 10673
   9 10677
   8 10679
   9 10682
   7 10690
   5 1070
   8 10705
   6 10709
  14 10714
  17 10720
  10 10723
   7 10735
   2 10736
   5 10744
   8 10749
  11 10750
   1 10764
   3 10768
   4 10774
  12 10780
   9 10785
  11 10791
   9 10792
   5 10796
   9 10803
   5 10808
  11 10810
   4 10815
   9 10838
   7 10843
  36 10872
  12 10873
  12 10879
   8 1088
   7 10884
   8 1089
   8 10890
  10 10897
   6 10902
   8 10909
   2 10915
  17 1092
  14 10927
   9 10932
   7 1094
  11 10945
   7 10952
  11 10953
  20 10955
  10 10968
   7 10972
  12 10979
   5 1098
  11 10983
   7 10989
  12 10995
   8 10999
   4 11002
   8 11015
  11 11026
   9 11035
   6 11036
  15 11066
   8 11085
   8 11107
   9 11110
   1 11123
   3 11125
   8 1113
   1 11130
   5 11145
  15 1116
  11 11164
   8 11168
  11 11181
   5 11182
  10 11183
   4 11194
  15 11197
   7 11199
   9 1120
  11 11239
  10 11243
  18 11249
  18 11250
   4 11251
   4 11267
  31 11278
   8 11282
   8 11285
  10 113
   3 11303
  19 11306
  13 11307
   8 1131
   8 11327
   9 11338
  12 11346
   5 11350
   4 11353
   1 11364
   8 11366
   5 11367
  42 11369
   8 11373
   6 11379
  11 1139
   5 11393
  11 11394
   1 11404
   8 11405
  13 11408
  12 11414
   8 11415
  26 11416
   9 11417
  15 11418
   9 11429
   5 11439
  11 11442
   6 11449
  13 11450
   9 11458
   1 11460
   6 11471
   3 11478
   9 1148
   6 11480
  17 11482
  10 11509
   5 11511
   5 11520
   3 11537
  11 11547
  12 11554
  11 11555
  14 11559
   2 11566
  19 11567
   5 1157
   5 11576
   6 11583
  10 1159
  11 11597
   5 1160
  12 11609
   2 11620
  12 11630
  11 11632
   9 11634
  10 11636
   5 11638
   7 1164
  19 11643
   7 11649
   6 11656
  16 11660
  13 11668
   3 11692
  15 11696
   6 11700
   6 11701
  12 11702
   2 11708
   7 11711
   8 11724
   9 11725
  11 11729
  11 11738
   4 11743
  10 1176
   6 1177
  10 11771
   5 11772
  16 11778
  14 11779
  17 11780
   2 11790
   6 11798
   1 11801
   4 11805
  10 11814
  12 11815
  10 11816
  11 11817
   1 11818
  10 11820
   9 11824
  10 11835
  13 11839
  10 11841
   8 11848
  12 11849
  11 11852
   7 11855
  11 11863
  16 11868
  13 11870
  13 11872
   5 11883
   9 11898
   6 1190
   1 11902
   8 1191
  12 11910
   4 11917
   5 11918
  13 1192
   6 11929
  10 11932
   8 11934
  10 11940
   2 11941
  11 11945
   4 11953
   8 11955
   1 11964
  13 11971
  10 11978
  23 11980
  10 11991
   9 12000
  11 12004
  14 12006
   8 12009
  12 12014
   5 12020
   6 1203
   1 12038
   3 12044
  12 12048
   4 12050
   7 12053
   1 12062
  12 12069
  10 12077
   9 12086
  15 12099
  14 12102
   1 12103
  10 12114
  10 12115
   8 12116
   9 12125
  15 12130
  14 12134
  10 1215
  10 12154
   9 12159
   8 12169
  11 12171
   3 1218
  11 12190
   8 12198
  10 12200
   8 12201
   8 12202
   4 12204
   6 12208
   6 1221
   8 12210
   4 12217
  13 1222
   3 12221
   1 12222
   9 12228
   9 12230
   4 12235
  14 12238
  10 12242
  11 12243
   4 12253
   7 12261
  15 12270
  11 12273
   7 12275
   2 12283
   5 12285
   4 12286
  12 12291
  10 12293
  43 12296
   9 12301
   9 12312
   9 12320
  15 12323
  11 12324
   5 12338
  15 12343
  11 12351
  11 12354
   7 12356
   9 12359
  10 12363
  12 12387
  21 12393
  12 124
  24 12402
  10 12406
   1 12421
  10 12423
   9 12432
   2 12433
   5 12436
  12 12439
  14 12451
   8 12453
   5 12468
  12 12474
   7 12483
   8 12485
   3 12489
   9 12490
  10 12491
  15 12503
   8 12506
   4 12516
   1 12517
  11 1252
   1 12524
  12 12531
   1 1254
  12 12549
   8 12560
   7 12567
  12 12570
  13 12586
   6 12587
  11 12588
  10 12595
   6 12602
   2 12609
   8 1261
   7 12612
  19 12615
   6 12618
  10 12620
   4 1263
   5 12635
   8 1264
  10 1265
  11 12650
   1 12654
  21 12656
   8 12662
  15 12663
   3 12665
  12 12670
   9 12672
   7 12675
  13 12679
   5 12686
   8 127
  13 12705
   3 1271
   9 12710
   8 12711
  11 12712
   2 1272
  14 12723
   9 12724
   8 1273
   2 12761
  24 12762
   8 12770
  11 12775
   9 12783
  10 12787
  11 12789
  12 1280
  10 12808
   1 12819
   7 12830
  19 12838
   5 12839
  16 12843
   5 12844
   5 12851
   4 12855
   1 12859
   1 12862
  11 12864
   9 12866
   9 12868
  10 1287
  13 12872
   2 12873
   7 12874
   4 1288
   9 12894
   3 12896
   1 12909
  10 12910
   9 12912
  10 12920
   9 12931
   8 12941
  20 12948
  12 12949
   6 12955
   9 12964
  12 12965
  12 12986
  24 13002
   9 13009
  12 1301
   3 13031
  15 13035
  19 13054
  12 13059
   8 13061
   2 13064
   7 13068
   3 13069
   8 13077
  12 13079
  26 1309
  13 1310
  10 13109
  12 13115
  28 13118
  11 13122
  14 13123
  14 13133
   9 13136
  24 13142
  14 13147
   5 1315
  10 13156
  15 13177
  12 13181
  13 13200
   9 13229
  13 13237
  10 13242
  11 13256
  11 13271
   9 13281
  13 13293
  14 1330
  13 13300
  11 13302
   1 13313
   1 13318
   8 1332
  16 13342
   8 13346
  10 13348
   1 13351
   9 13353
  12 13357
  19 13363
  12 13364
  14 13395
  12 13405
   1 13406
  11 1344
   4 13446
  14 13447
   6 13466
  19 13473
   3 13476
  36 13482
   4 13485
  19 1349
  17 13491
  11 13495
   5 13502
  10 13505
   7 1352
   1 13538
   3 13544
   8 13546
  12 13550
   9 13555
  13 13565
   8 13567
   1 1357
  14 13575
   2 1358
  12 13581
  12 13583
   4 13585
   9 13588
  19 13591
  16 13593
   8 136
   7 13606
   3 13608
   3 13621
   5 13622
   3 13624
   7 1363
   7 13630
   6 13636
   2 13637
  12 13638
  10 13639
  19 1364
   5 13644
   5 13653
   1 13654
   6 13671
  13 13672
  15 13674
   7 13675
   5 13683
   4 13684
   5 13687
   7 13696
  14 13700
  13 13702
   1 13707
  20 13717
  11 13728
   3 13757
   9 13765
  11 13784
  12 13787
   1 13795
   1 13796
   1 13805
  35 13807
  10 13811
   1 13820
   9 13825
   4 13840
  12 13845
   8 13846
  22 13868
  18 13870
   5 13875
  12 13888
  12 13895
   8 1390
  12 13906
  12 13907
   3 13912
   6 13914
  16 13924
  14 13927
   3 13931
  11 13932
  21 13939
  10 13940
   7 13952
  18 13954
   7 13957
   8 13962
  10 13978
  10 13983
  14 13987
  11 13989
  10 14010
  11 14011
  18 14018
   7 14022
  12 14030
   6 14032
   3 14033
   7 14042
  23 1405
   5 14056
  12 14066
  11 14070
  10 14077
  12 14100
  22 14105
  12 14115
  10 14116
  11 14144
  11 14146
  14 14157
   6 14158
  12 14160
  16 14164
  11 14165
   3 14177
   2 14178
   7 14183
   1 14190
   7 14193
   7 142
  10 14206
  11 14207
   4 14208
   2 1422
   1 14226
   5 14235
   7 14239
   8 14242
   1 14263
  15 14273
  10 14286
   9 14290
   7 143
   4 14306
  11 14307
   8 14309
  10 14317
   9 14326
  16 14328
   1 14336
  13 14344
   8 14349
  11 14373
   9 14375
  11 14383
   6 14384
   9 14386
  16 14388
   3 14393
  32 14395
  11 14410
  10 14421
  23 14427
  15 14432
  11 14440
   5 14441
  13 14444
   8 14453
   4 14473
  10 14478
  11 14479
   6 14483
   6 14488
  10 1450
   8 14516
   7 14518
   3 14520
  11 1453
  13 14537
  14 14539
  10 14545
   8 14552
   9 14554
  20 1456
  10 14561
   2 14565
   9 14572
  16 14577
   7 1458
   9 14591
  10 14595
   1 14602
  17 14608
  15 14630
  17 14636
  20 14639
   1 14654
  24 14655
  18 14664
   6 14675
   3 14679
  10 14681
  27 14682
  11 14692
   1 14696
  13 14699
  12 14723
   8 14725
   7 14727
   2 14729
  12 14763
   2 14767
   2 14770
   2 14773
   2 14775
   1 14779
   3 14789
   8 14790
  11 14791
  13 14796
   4 14797
  11 14813
  14 14843
   4 14844
   2 14851
   5 14853
  11 14855
  11 14856
  16 14861
   8 14864
   4 14866
   3 14892
   7 14896
  11 14899
   7 149
  27 14900
  11 14902
  12 14907
   6 14909
   4 14918
  14 14923
  11 14940
   4 14948
   8 1495
   9 14950
  14 14953
  16 14955
  13 14965
  12 14966
  16 14971
   3 14976
   1 14986
   3 14992
   5 1500
  12 15000
   9 15013
   9 15019
   1 15023
  11 15024
   6 15030
   4 15033
   8 15036
   8 15038
   8 15046
  14 15049
   5 15060
  28 15073
  22 15078
  17 15082
   1 15090
   7 1510
   7 15100
  15 15106
  17 15114
   4 15116
   7 1512
  11 15120
   2 15121
  15 15124
  14 15125
   3 15134
   1 15137
  33 15151
  12 15159
  15 15162
   9 15168
  11 1517
  11 15170
  21 15172
   8 15174
  23 15175
  17 15178
  13 15180
  17 15187
   8 15193
   5 15200
  10 15202
   4 15209
  10 15221
   8 15225
  17 15228
   2 15230
  13 15237
  10 15238
  16 15240
   7 15242
  15 15253
   8 15261
   9 15272
  14 15273
  13 15297
   8 15298
   8 15309
   5 15310
   9 15312
   1 15316
   8 15322
  14 15327
   8 15333
   3 15335
  13 15338
   3 15339
  11 15340
   8 15359
   3 15367
   9 15370
   6 15372
  24 15374
  30 15388
  14 15392
  13 15394
   8 15397
   9 15407
   7 15408
  11 15417
  11 15420
   8 15427
   2 15428
   3 15435
  10 15437
  14 15441
   7 15446
  18 15454
   1 15457
   9 15464
   7 15478
   8 15479
  11 1549
  14 15490
   7 15493
  15 15494
   1 15497
   7 15505
   7 15511
   2 15512
  11 15515
   7 15516
  12 15526
  12 15528
   1 15538
  11 15539
  12 15541
   2 15556
  11 15578
   4 15581
   3 15585
   8 1559
   6 15596
  20 15611
  13 15617
   1 15620
   8 15622
  10 15628
  14 15629
  18 15639
  15 15644
   3 15646
  15 15647
  12 15655
  12 15656
  18 1567
   3 15672
  19 15676
  11 15696
   7 15698
  13 157
  18 1570
  11 15704
  14 15710
   1 15718
  14 15719
  14 15725
  15 15740
  13 15754
  13 15756
   8 1577
  14 15771
  13 15786
   1 15790
  22 15816
  11 15820
   3 15828
  15 15836
   2 15842
   7 1585
   4 15855
  19 15864
  11 15866
  13 15867
  11 15869
   8 15875
   9 15876
  22 1588
  10 15882
  16 15902
   8 15904
  13 15910
   2 15930
   4 15935
  11 15938
   7 15947
   8 15962
   5 15964
   9 15966
  16 15976
  11 15978
   5 15979
   1 15991
   6 16
  10 16002
  11 16012
   9 16040
   7 16047
   8 16062
  12 16063
   6 16066
  18 16069
   2 16070
   5 16079
  11 16080
  15 16081
   1 16083
   9 16085
   1 16086
   7 1609
   7 16090
   4 16097
  22 16100
  10 16103
  10 16105
   6 16108
  35 16113
   8 16117
   1 16121
  16 16126
   2 16128
  12 16134
  10 16145
   6 16147
   5 16154
  16 16167
  12 16168
   9 1617
   9 16171
  24 16173
   5 16181
  12 1621
   8 16210
  11 16211
   1 16213
  10 16215
   9 1622
   7 1623
   6 16239
   3 16240
  12 16241
   4 1625
   2 16250
   1 16261
   1 16267
   9 16270
  12 16271
  12 16278
   7 16281
   9 16294
   8 16298
   6 16299
   4 1630
   3 16317
   1 16318
   8 1632
   9 16324
   7 16331
   8 16341
  10 16343
  12 16349
  13 1635
   9 16351
  10 16356
  15 16358
   8 16363
  10 16369
  12 16378
   2 16381
  35 16385
   8 1640
   8 16400
  18 16406
  10 16407
   8 16414
  10 16415
   4 1642
   5 16436
   8 16437
  11 16443
   5 16444
   2 16445
  10 16457
   4 16467
   9 1647
   1 16470
  14 16473
   9 16478
   1 16480
  10 16483
   2 1650
   1 16507
   8 16508
   6 16510
  13 16512
  10 16513
  15 16517
   2 16532
   7 16549
  19 16551
   9 16552
   8 16556
   3 16558
   6 16562
   9 16564
   2 16565
  10 16573
  13 16580
  15 16583
  10 16584
  32 16585
   7 16594
   9 16599
  11 16608
   7 16609
  22 16611
  10 16620
   8 16625
   3 16628
   4 16639
  14 16640
  17 16641
  13 16651
   8 16652
  11 16653
   8 16656
  12 16661
   3 16668
  13 16679
   9 16685
  14 16686
  10 16689
  11 16691
   3 16699
  13 167
   7 16702
   5 16711
  28 16718
   9 16723
   3 16731
   5 16740
  12 16742
   8 16743
   9 16747
  18 16749
  13 16752
  24 16757
   6 16761
   4 16768
  14 16772
  22 1678
   9 16784
   4 16786
   8 1679
   4 1680
  16 16803
  11 16805
   9 16806
   7 16807
  11 16811
   4 16813
  12 16815
  11 16824
   6 16825
   5 16828
  11 16829
   2 16830
   1 16841
   6 16861
   4 16862
   3 16867
  11 16874
  14 16887
   7 16892
  10 16902
  11 16910
   7 16913
   4 16928
   8 16936
   6 16938
  13 16949
   6 16953
   3 16957
   3 16962
  16 1697
   2 16980
  11 16986
   7 16988
   8 16995
  11 16998
   1 17002
  12 17012
   9 17022
   9 17028
   5 17031
   8 1704
   1 17040
   6 17041
  12 17043
  10 17044
   2 17048
  10 17053
   9 17056
   5 17062
   2 17069
  11 17070
   5 17083
   6 17084
   2 17086
   8 1709
   8 17103
   6 17107
  11 1711
   4 17112
   1 17113
   3 17120
   4 17123
   4 17129
   8 17133
  10 17134
  14 1714
  10 17144
  13 17151
  12 17164
  10 17178
   7 17184
  21 17191
   5 17197
   1 17204
   8 17206
   9 17221
  11 17239
  12 17243
   5 17252
  12 17256
  11 17264
  14 17275
   9 17279
   1 17300
   5 17310
  16 17311
  11 17312
   8 17313
   5 17316
   4 17327
   9 17333
   5 17336
   9 17339
   7 17342
   8 17345
   9 17355
  12 17358
   3 17359
   9 17362
  11 17363
  13 17365
   6 17376
  13 17378
  14 1738
   7 17385
   3 17386
   1 1739
  13 17396
   1 17405
  10 17406
   9 17410
   4 17421
   9 17425
  16 17436
  17 17444
  11 17445
  11 17448
   2 17471
  16 17477
  10 17482
  15 17486
   7 17492
  10 17499
   7 17503
   9 17505
  13 1751
   7 17521
  10 17523
   8 17529
   1 17532
  11 17545
  34 1755
  21 17551
  11 17554
  10 17557
  10 17565
  12 17575
   1 17581
   8 176
  12 1760
   7 17600
   6 17603
  14 17610
   9 17611
  10 17630
  14 17632
   9 17638
   9 17641
  10 17643
   4 17645
   3 1766
  37 17686
   7 17688
  11 17694
  17 17696
   3 17701
   5 17702
  10 17720
  21 17725
  16 1774
  11 17756
   4 1776
  11 17787
   7 17794
   7 17799
   7 17805
  17 17811
   9 17818
  10 17824
  10 1783
   3 17850
   3 17851
   6 17857
   8 17860
  12 17862
   9 17867
   6 17874
   9 17882
  14 17885
   8 17888
   1 17890
  12 17894
   9 17921
   6 17928
   3 17930
  12 17936
  12 17944
   8 1795
   8 17955
  12 17966
  23 17973
   8 17976
  11 17987
  10 17989
  11 17997
  13 18
   7 180
   8 1801
  11 18014
   1 18017
   9 18019
  13 18036
   4 18041
  18 18054
  11 18055
   2 18060
  12 18062
   1 18074
  11 18077
  10 1808
   9 18080
  19 18081
  18 18087
   4 18103
  25 18106
   5 18107
  19 18109
  11 1811
   2 18110
  27 18113
   7 18118
  10 18121
   8 18125
   2 18127
   5 18130
  10 18135
   2 18136
   8 18141
   3 18146
  12 18150
  13 18152
  10 18167
   1 18188
   6 18196
  27 18198
  10 18202
   5 18205
   4 18206
  10 1821
  10 18214
   6 18215
  16 1822
  12 18221
  22 18223
  13 18229
  20 18245
   8 18247
  32 1825
  10 18264
  15 18296
  10 18299
   5 18306
   7 18310
   3 1832
   9 18336
   9 18353
  10 18356
   9 1836
   9 18366
   3 18367
   1 18373
   5 18378
   9 18381
   6 18383
  17 18384
   9 18387
  10 18394
   6 18397
   3 184
   8 18405
   6 18406
  11 18419
   1 18421
  12 18427
   9 1843
  10 18435
   9 18436
   1 1844
  14 18451
   5 18465
   2 18484
  14 18486
  11 18487
  11 18500
  15 18503
  12 18505
  13 1851
   7 18516
   8 18519
   4 18527
  11 18530
   1 18538
   2 1855
  17 18551
   8 18560
  12 18566
  12 18570
   5 18571
  17 18572
  12 18573
   2 18576
  11 18585
   6 18587
   7 18588
   1 18591
  11 18594
   7 186
  10 18611
  11 18617
   3 18619
  16 1862
   5 18622
  10 18645
   1 18650
   6 1866
   8 18661
   2 18669
   2 18676
  17 18696
  13 18699
   4 18700
   1 18701
   9 18708
  11 18713
  10 1872
  11 18722
  13 18732
  10 18737
   9 18744
   5 18764
   9 18776
  10 18777
  12 18778
   1 18788
  19 1880
  14 18812
  12 18816
  14 18817
  13 18819
  12 1882
   2 18821
  10 18824
   8 18825
  11 18834
  13 18837
  58 18843
   2 18851
  10 18852
   8 18857
   5 18873
  10 18877
   3 18880
  13 18881
   4 18897
  26 18898
  14 18899
  24 18905
   6 18923
  12 18933
   9 18938
  17 18939
   7 18942
  10 18946
  11 18949
  11 1895
  11 18957
   8 18965
   8 18967
  11 18970
  12 18987
   9 18992
   6 18993
   8 18999
  10 19006
  12 19007
   8 19015
   9 19028
  11 19031
   2 19032
   5 19034
   9 19042
  11 19043
  22 19056
   4 19058
  17 19067
   5 19081
  21 19084
   8 1909
  11 19098
  11 1910
   1 19103
  12 19105
   9 19109
   3 19132
  14 19135
   9 19137
  11 19142
  10 19153
  11 19161
   7 19172
   9 19176
  13 19177
   3 19183
   1 19192
  13 19209
   1 19211
   8 19216
   8 19226
  10 19234
   9 19236
   9 19242
   9 1925
   5 19255
  14 19260
  10 19261
  12 19264
  13 19265
  12 19269
   3 19283
  11 1929
  27 19294
  27 19299
   6 1930
  52 19305
  12 19317
  18 19318
   5 19319
   7 1932
   4 19329
  12 19333
  17 19340
  12 19341
  13 19342
   8 19343
  17 19347
  12 19350
   9 19358
  10 19359
   9 19362
  11 19375
   1 19377
  14 19389
   1 19422
  10 19423
   3 19430
  10 19434
   7 19435
  15 19438
   5 19443
   7 19453
   7 19454
  12 1946
   8 19462
   9 1947
   9 19472
  12 19477
  28 19483
   8 19497
   9 19498
  10 19501
   2 19503
   1 19507
   5 19509
   7 19514
  10 19515
  15 19518
  17 19528
  12 19530
   1 19539
  12 19548
  15 19549
   1 19557
   7 19559
  13 19566
  17 19568
   7 19575
  12 19578
  23 19580
   1 19598
   9 19604
   8 19605
  11 19606
  13 19607
  12 19608
   7 19610
  12 19626
   5 1963
   8 19636
  12 19641
  11 19642
  11 19643
  10 19647
  22 19648
  12 1966
   9 19664
   7 19672
  14 19675
  10 19676
  13 19684
   3 1969
   8 19690
  11 19702
   2 19706
  12 19707
  14 19721
   9 19725
   4 19736
   5 19743
   3 19760
   2 19761
  17 19763
   1 19772
  11 19782
  12 19784
   7 19785
  12 19794
   5 19797
   1 19798
   2 19800
   1 19801
  10 19825
   5 19828
   7 19835
   6 19838
  11 19857
  11 19859
   4 1986
  12 19862
  11 19869
  27 19874
   6 19877
   8 19887
   4 19894
   8 19895
   9 19897
   6 199
  12 19903
  10 19910
   4 19911
   6 19913
   3 19918
   8 19925
  15 19926
   1 19929
   8 19931
   8 19943
  12 19947
   9 19956
  12 19974
   1 19979
   4 19982
   8 19983
  12 19988
  13 19997
  11 20
  10 20003
   1 20009
   9 20013
  36 20024
   1 20045
  16 20051
  13 20061
  14 20067
  31 20070
  10 20071
  12 2008
   1 20088
  10 20102
   2 20111
  16 20124
  12 2013
   5 20136
   9 20143
  10 20145
   7 20159
  17 20169
  12 20170
   8 20172
   2 20174
  14 20175
  10 20179
   6 20185
  15 20199
  11 20200
   3 20215
   7 20220
  17 20229
   4 2025
   9 20252
   4 20257
  23 20259
  42 20263
   7 20285
  13 2029
  10 20290
  10 20293
   9 2030
  10 20303
   9 2031
   7 20311
  10 20320
   9 20322
   9 20324
  12 20327
   8 20332
  13 20346
  13 2035
   7 20350
  12 2036
  10 20360
   8 20362
   6 20363
  13 20365
  12 20369
   3 20385
  10 20389
   9 20400
  11 20401
   6 20404
  13 20415
   8 20418
   8 20419
   4 2042
   7 20422
   3 20427
   2 20430
  28 20435
  10 20437
  10 20438
  13 20445
   4 2045
  16 20458
   1 20467
  11 20474
   5 2048
  10 20480
   1 20489
  12 20493
  12 20495
   8 20502
  10 20505
   8 20506
  11 20508
  12 20524
   8 20530
  10 20531
   6 20549
  14 2055
  12 20563
   9 20571
  16 20588
  25 20589
  10 20590
  13 20592
  15 20594
  14 20601
   8 20606
   9 20612
   1 20624
   1 20637
   8 20657
   4 20662
  14 20663
   1 2067
  13 20670
   7 20678
   8 20684
  12 20687
   1 20700
  15 2071
   9 20711
   8 20714
   8 20719
  13 20726
   6 20727
   4 20730
   1 20735
   7 20747
   6 20748
  15 20759
   6 20777
   2 20783
   7 20790
   3 20791
   3 20792
   9 20812
   3 20820
   5 20824
   3 20832
   5 20848
  12 20850
   5 20856
  15 20858
  14 20873
   5 20876
   6 2088
  10 20883
   4 20895
   8 20896
   5 20906
   1 20918
   7 20926
   7 20929
   7 20933
   7 20935
   3 20936
   8 20947
   7 20950
   2 20951
  37 20952
  11 20961
  11 20967
  10 20969
   7 20973
  18 20980
   6 20982
   6 20986
   2 20994
   9 20995
  28 20997
   3 21000
   9 21004
   5 21006
   2 21016
   5 21024
  12 2103
  14 21034
  14 21036
   7 21038
   6 2104
   6 21047
  10 21054
   8 21067
  13 21074
  25 21075
   6 2108
   7 21096
  18 21100
   9 21101
   6 21103
   2 21104
   4 21108
   1 21113
  10 21116
   8 21127
  22 21129
  12 21138
  11 2114
  16 21140
  15 21145
   8 21146
  12 21152
  13 21153
  11 21156
   2 21159
   5 2118
   7 21182
  10 21187
  15 21189
   8 21200
   5 21203
   5 21217
  13 2122
  28 21222
   9 21223
   7 21224
  11 21235
   3 21241
   8 2125
  10 21250
   7 21251
   2 21256
   2 21270
   3 21277
   7 21280
   9 21283
  12 21288
   3 21298
   5 213
  13 2131
  21 2132
   9 21320
   4 21322
  10 21324
   9 21335
   8 21348
   7 21359
  10 2136
  14 21378
  11 21393
  12 21397
   2 21408
   1 21418
   7 21424
   1 21428
   2 21431
  11 21441
   8 21451
  12 21452
  16 21462
   8 21463
  12 21465
  14 21466
  12 21469
   7 21475
   2 21481
  12 21482
   4 21499
   7 21501
   8 21516
  10 21523
   1 21535
  10 21544
   8 21551
  11 21556
   8 21557
   1 21562
   8 21571
   6 21575
  10 21580
   1 21591
   5 21594
   2 21600
   9 21606
  18 21609
  14 2161
   9 21612
  13 21617
  19 21620
  14 21624
  13 21633
  15 21639
  11 21644
   9 21645
  20 21671
  12 21673
   4 21678
  10 21681
   8 21683
   1 21693
   8 21699
   9 217
   5 21703
   7 21704
   4 21706
   8 21711
  10 21714
  10 21718
   2 2174
   9 21757
   1 21760
   1 21774
   8 21781
   9 21790
  14 21798
  13 21806
  11 2181
  19 21810
   7 21812
  10 21818
   9 21822
  12 21827
   8 21828
  21 21829
   2 21833
  13 21836
   3 21841
   8 21856
  15 21859
  22 21865
  20 21866
   5 21869
   5 21870
  11 21882
   5 2189
  14 219
   5 21902
   4 2191
  20 21911
   8 21914
  14 21915
   7 21926
  10 21935
   8 21941
   5 21942
   1 21944
   9 21949
   9 21954
   9 21955
  11 21958
   7 21959
   4 21964
  11 21993
  18 21994
   9 21996
   9 22004
   9 22005
   6 22006
   3 22014
  10 22018
   7 22031
  10 22035
  22 22039
  14 22042
  11 22058
   4 22059
   2 22063
  10 2207
  24 22070
  26 22077
   8 22078
  14 22079
   5 2208
   7 22084
  14 22085
  12 22087
   5 22095
   5 22098
  28 22108
   7 2212
   1 22120
  14 22123
  11 22124
  19 22127
   5 22154
   8 22163
  12 22180
  11 22181
   8 22183
   8 22186
  14 22193
   9 22196
  10 22202
   8 22208
   9 22214
   9 22221
  10 22226
  20 22229
  10 2223
   9 22248
  10 22252
   9 22254
   8 22257
  10 22264
   7 22272
   4 22283
  26 22292
   9 22296
  26 22297
  38 22303
   3 2231
   5 22311
  23 22321
   4 22322
   9 22324
   3 22327
   2 22330
  16 22336
   8 22337
  22 22366
   8 22375
  10 22376
   8 22382
  13 22386
   9 22391
   9 22393
   1 22394
  19 22401
   2 22410
  14 22423
   5 22429
  10 22434
   9 22435
   2 22440
  11 22441
   1 22447
  15 22450
   7 22464
  11 22481
  10 22497
   1 22510
  22 22511
   6 22512
   1 22513
   7 22517
   4 22520
   1 22528
  10 22531
  11 22542
   8 2255
   8 22553
  10 22562
  11 22566
  11 22572
   5 2258
   4 22581
   3 22583
  10 22588
  11 22589
   6 22609
  12 22619
   1 22621
  20 22629
  14 22631
   9 22636
   7 22642
   2 22648
   9 22657
  11 22664
   4 22666
  38 22685
  10 22692
  14 22694
  13 22705
  11 22729
  14 22730
   2 22736
   6 2274
  14 22741
  11 22756
  11 22762
   3 22769
   3 22773
   8 22775
  12 22784
   6 22785
  10 22800
  10 22809
   2 2281
   7 22810
   7 22812
   6 22821
  12 22823
   7 22833
   8 22840
  11 22844
   6 22846
   9 22847
  15 2285
   1 22851
  13 22855
   8 22863
  10 22868
  12 22874
  10 22881
  14 22882
  12 22895
   9 22897
   8 22898
  11 229
  18 2291
   2 22914
  13 22920
   9 22929
  19 22931
  10 22940
   4 2297
  12 22988
  18 22991
  10 22998
   1 22999
   5 23
   2 23000
  10 23008
   1 23011
   8 23012
  11 23015
   9 23016
   2 23031
  15 23038
  10 23044
   6 2305
   6 23054
   4 23057
  12 2306
  10 23063
   9 23071
   1 23090
  20 23105
  12 23117
   4 23119
   8 23120
  20 23121
   8 23138
   1 23147
  14 2315
   8 23168
   6 23176
  12 23180
   6 23184
  13 23192
   9 23193
   9 23194
   7 23196
   6 232
  15 23210
   7 23217
   1 23239
  15 23243
  15 23245
  12 23250
  15 23254
  15 23260
   8 23261
  31 23265
  10 23288
   1 23291
   3 23295
   9 23296
   4 2331
  13 23312
   9 23315
   5 23327
  11 23328
   4 23330
  14 23333
  23 23335
   9 23340
   2 23343
  15 23347
   8 23349
   9 23371
  13 23395
   9 234
  11 23408
   2 23416
  13 23423
  19 23427
   8 23438
   9 23445
   5 23452
   5 23455
   5 23466
  12 23471
  10 23481
   9 23485
  13 23487
  10 23501
   3 23502
   5 23504
  11 23509
   9 23510
  13 23519
   6 2352
   7 23523
  37 23525
   1 2353
   1 23537
  10 23549
   3 2355
  13 23552
  21 23557
  14 23565
   4 2358
  24 23587
  15 23589
  17 23596
   9 23597
  18 23615
  10 23628
   6 2363
  12 23638
  14 23643
   9 23645
  15 23681
   7 23683
   7 23691
  24 23693
   7 23718
   7 23724
   7 23726
  23 23739
  13 23740
   9 23748
  19 23773
   9 23778
   6 23791
  11 23800
   1 23806
  10 23809
  20 23812
  10 23819
   2 23820
  11 23821
   6 23823
  10 23833
  20 23852
   4 23864
  17 23869
  12 23890
  12 23891
   4 23899
   4 23900
  14 23902
   3 23903
  10 23913
  15 23914
  10 23924
  14 23926
  32 23927
  12 23928
   5 23936
   1 2394
  13 23945
   6 23948
   8 23954
  10 23955
   6 2396
   2 2397
  11 23984
  23 23992
  13 23999
  23 2400
  14 24000
   8 24006
   3 24008
   9 24016
   1 24019
  12 24031
  18 24032
   7 24040
  10 24043
  18 24050
  13 24051
  17 24054
  16 24058
  10 24070
   2 24094
  26 24096
  10 241
   9 24105
   5 24115
   7 24116
   7 24118
   8 24120
  15 24122
  15 24126
  15 24128
   6 24151
  13 24180
  12 24183
  20 24185
  12 24190
   7 24210
  12 24217
  15 24218
  16 24219
  19 2423
  15 24237
   8 24240
  15 24241
  25 24260
   8 24262
  14 24264
   6 24267
  10 24271
   6 24272
  14 24274
  16 24279
   9 2428
   1 24282
   6 24289
  11 2429
   6 24295
   1 24300
   2 24313
  12 2432
  25 24332
  11 24342
   9 24344
  12 24347
 105 24351
   7 24352
  14 24354
   6 2436
   6 24364
   3 24385
  16 24386
  10 24392
   7 24393
   2 24398
   7 24403
  12 24411
  13 24420
   4 24423
   4 24431
   2 24434
  16 24438
  17 24447
  14 24449
   2 24454
   9 24458
   9 2446
  12 2448
   9 24481
  13 24485
  15 24491
   9 24493
  18 24499
  17 24503
   9 24505
  25 24510
  14 24520
  30 24525
   9 24526
  16 24527
   7 2453
   6 2454
  14 24545
   2 2455
  15 24559
  25 24563
   4 24569
   1 2457
   4 24571
   9 24578
   6 24579
   7 24599
  10 24600
  18 2461
   6 24614
   6 24617
   6 24620
   8 24622
   6 24644
   9 24659
   1 24666
  13 24667
  21 24686
   5 24694
  13 247
   4 24701
   9 24704
   8 24716
   1 24719
  10 24727
  20 24728
   1 24731
   7 24733
   8 24749
   5 24756
   4 24775
  19 24780
  19 24784
   4 24789
  11 24795
   6 24797
   8 2480
   1 24802
   9 24805
  11 24807
  20 24812
  10 24816
  14 24818
  13 24819
  12 2482
   4 24820
   1 24821
  15 24830
   4 24833
   4 24834
   9 24835
  25 24837
  15 24838
  12 2485
  10 24865
   5 24870
  17 24889
  12 24892
   9 24893
  12 24894
   6 249
   9 24906
  18 24909
  10 24914
  20 24915
  40 24921
   5 24927
   7 24928
  16 2493
   4 24956
   7 24971
  12 24973
  19 24975
   6 2498
  10 24995
   5 24996
  14 25004
  25 25006
   9 25015
   1 25016
  13 25023
   9 25025
  18 25027
  13 25036
   6 25066
  16 25069
  11 25076
   7 25079
  11 25091
   4 251
   1 25100
   5 25103
   9 25110
  10 25117
  15 25119
  24 25122
  11 25127
   7 2513
  12 25134
  12 2514
  20 25140
  18 25148
  22 25153
   5 25154
   9 25157
  11 25161
   2 25164
   7 25170
   9 25172
   7 25186
   9 25211
  20 25220
  13 25233
  12 25235
  13 2524
   8 25240
   6 25242
   5 25243
  17 25249
   7 2526
   3 25261
   7 25283
  10 25290
  20 25293
   1 25294
  14 25297
   9 25309
  10 25312
  22 25319
  26 25320
  16 25322
  12 25329
  11 25330
   4 25332
   5 25339
  14 25346
   7 25355
  12 25358
  10 25362
   4 25366
   7 25374
  19 25375
  12 25376
  12 25377
   4 25387
  11 2539
  11 25394
  10 25395
   3 25399
  11 254
  11 25400
  12 25406
  10 2542
  13 25425
  21 25435
  10 25438
  10 25444
   4 25453
  15 25465
  10 25467
   7 25471
  11 25473
   4 25480
   2 25490
  17 25496
  19 25501
   7 25505
  16 25520
  20 25524
   9 25525
   6 25526
   6 25528
   7 2553
   9 25538
   1 25546
  31 25567
   8 25568
   3 25578
  19 25586
   3 25588
   8 25591
   5 25595
  14 25601
   7 25602
   8 25608
   4 25610
  27 25615
  14 25620
   5 25623
  10 25627
   1 25629
  14 25630
  14 25634
  12 25635
  19 25649
   7 25652
   3 25654
  18 25658
  18 25662
  14 25672
  11 25678
  18 25688
  13 25693
  18 25695
  12 25714
   9 25716
   9 25717
  19 25718
  14 25731
   2 25732
   9 25747
  18 25754
  10 2576
   7 25783
   2 25794
  11 25796
   3 25801
  18 25802
   7 25813
  16 25815
  15 25820
   9 25833
   7 25834
  13 25837
  13 2584
   3 25843
   7 25849
   9 2586
  10 25867
   7 25873
   4 25874
   9 25877
   4 2588
  13 25882
  17 25885
  15 25888
   7 25891
  14 25912
  13 25928
   5 25930
   8 25931
   4 25936
   2 2594
   8 25940
  13 25948
   1 25950
  10 25951
  29 25955
  18 25959
   5 25960
  20 25969
   3 25971
  25 25972
   7 25977
   9 25981
  19 25999
   4 2600
   7 26004
  11 26007
  12 26009
   5 26017
   8 26021
   5 26022
   7 26023
   8 2604
  14 26040
   5 26047
   1 26049
   6 2605
  13 26066
   1 26069
   4 26076
  17 26078
  10 26080
   4 26082
   9 26089
   5 26096
  12 26099
   8 261
   6 26104
  16 26114
   9 26119
  15 26131
   9 26139
  16 26142
  13 26143
   9 2615
   9 26157
   8 26162
   8 26165
   1 26167
  32 26172
  15 26179
   6 2618
  17 2619
   2 26194
   5 262
  16 2620
  14 26201
  12 26220
   8 26232
  13 26235
   6 26247
   8 26251
  10 26264
   5 26284
  12 26285
   9 26288
  18 26289
  15 26294
  14 26296
  12 26313
  14 26325
  13 26329
   7 26331
   8 26336
  13 26337
   8 26339
   6 26347
   5 26349
   8 26358
  16 26366
  13 26368
  43 26378
   8 26396
   8 26397
  12 26404
   3 26415
  16 26419
   9 26422
   9 26424
   1 26426
   7 26430
   9 2644
   8 26440
   5 26450
   7 26452
  11 26458
  16 26460
   5 26465
  11 26474
  12 26476
   8 26477
  13 26479
  11 2648
   7 26482
   4 26483
  17 26497
   2 2650
   7 26515
   8 26517
   3 26519
  13 26524
  16 26525
  13 26530
  16 26533
   8 26535
  11 26538
   3 26544
   9 26546
  13 26552
  13 26585
  10 26588
   4 2659
   8 26595
   2 26596
   9 26600
   5 26604
   9 26605
   3 26607
  32 26608
  29 26613
  12 26638
   4 26642
  14 26645
   7 26649
  13 2665
   4 26653
  23 26659
  10 2666
   8 26660
  11 26662
  27 26670
   9 26680
   3 26683
   2 26684
  11 26691
   2 26698
  13 267
   7 26711
  22 26713
  10 26718
  10 26720
   1 26721
  11 26722
  12 26725
  10 26733
  10 26741
  14 26742
  11 26771
   7 26780
  13 26781
   8 26786
   2 26791
   9 26799
  18 26806
   2 26808
   8 26814
   8 26823
   8 26826
  11 26828
   8 26835
  23 26852
  12 26853
  18 26858
   5 26859
   3 26867
   4 26869
  11 26883
   9 26887
   1 26888
  13 26893
   3 26894
   2 26913
   7 2692
   6 26923
   7 26926
  29 26929
  15 26933
   8 26947
  31 26954
  11 2696
  25 26967
   9 26974
   9 26979
  12 26986
   5 26991
   8 27000
  16 27008
  13 27015
   7 27018
   1 27023
  14 27033
  10 27038
   9 27050
  11 27064
   9 27069
   9 2707
  11 27071
   9 27076
   4 2708
  19 27081
   9 27086
  47 27087
   4 27089
   9 2709
  20 27143
  18 2715
   4 27151
   7 27164
   4 27179
  10 27184
   7 27189
  11 27190
   6 27191
   4 27197
  10 27206
   5 27211
   3 27221
   9 27226
   3 27234
  10 27237
  15 27241
  13 27246
  12 27249
   7 2725
   7 27250
  15 27251
  11 27256
   4 27258
   4 27262
   1 27263
  15 27264
  12 27273
  14 27276
   5 27281
  13 27296
  13 273
  10 27302
  11 27303
   9 27308
  10 27327
   1 27331
  11 27339
  11 27363
  11 27366
   6 27367
  10 27372
  13 27373
   7 27394
   4 27397
  14 2740
   3 27407
   2 27408
   5 27409
  10 27410
   8 27417
  14 27419
   9 27422
  14 27424
  10 27426
  28 27429
   6 2745
   8 27455
   1 27458
  10 27462
  11 27465
  10 27468
  16 27473
  15 2748
   7 27482
  14 27491
   9 27498
  12 275
  12 27527
  22 2753
  14 27534
  19 27536
   8 2754
   7 27540
   2 27548
   9 2755
   4 27550
  19 27551
  10 2756
   6 27561
  14 27576
   5 27579
   6 27582
   3 2759
  18 27594
   4 27596
   5 27597
   7 27608
  11 27610
  11 27613
  13 2762
   7 27626
  13 27638
  11 27640
  22 27648
   1 27656
   1 27672
  12 27677
  10 27679
   8 27680
  13 27684
   6 27691
   4 27692
  12 27712
   6 27718
  12 27727
   3 27731
   6 27734
   8 27737
   5 27739
   3 27740
  14 27745
  10 27747
   8 27752
  12 27754
   6 27756
  12 27765
  11 27782
   9 27783
  13 2779
   7 27794
   8 27800
   7 27801
   6 27804
  11 27807
  20 27815
   8 27822
   7 27828
   5 27830
  12 27831
  11 27834
   7 27836
  12 27838
   5 27846
  11 27850
   2 27862
   5 27864
   6 27866
   7 27872
   5 27885
  10 27886
  11 27888
   1 2790
  14 27906
  16 27908
   2 27909
   7 2791
   5 27916
   1 27926
   9 27928
  11 27936
   9 27937
  13 2794
  20 27948
   5 27951
   3 27958
  23 2796
   7 27961
   8 27965
  10 2797
   8 27978
   7 27981
   3 27997
   2 28010
   5 28025
   3 28027
  15 28029
  21 28042
   7 28046
   5 28052
   5 28058
  10 28063
  13 28065
   6 28066
   6 28075
  10 28089
   7 2809
   5 28092
   9 28094
  13 28101
   8 28104
   6 28108
  10 28110
  12 28119
   9 28121
  11 2813
   1 28145
   9 28147
   8 2815
   3 28155
  10 28158
  12 2816
  13 28163
  12 28164
   6 28172
  16 28195
   6 28203
   7 28208
   9 28210
   8 28218
  11 28246
   7 28251
   8 28252
   9 28259
   9 28260
   2 28261
   2 28264
  10 28266
  13 28290
  11 28291
   6 283
  10 28305
   7 28306
   6 28308
   4 28312
   4 28314
   3 28315
   9 28318
  13 28326
   1 28331
  14 28334
   7 28335
   5 28336
   1 28337
   7 28340
  12 28364
   6 28383
  11 28385
  16 28386
   9 28387
  10 28388
  25 28398
  24 284
  17 28407
  12 28408
  11 2841
   7 28411
  10 2842
  14 28422
   7 28427
  17 28429
   4 28434
  12 28440
  14 28443
   8 28445
  12 28451
   7 28454
  12 28455
   1 28456
   2 2847
  18 28473
  14 28496
   2 28507
   3 28508
   6 28515
   3 28520
   6 28534
   3 28542
  10 28547
  14 28552
   2 28555
   1 28557
  11 28561
  15 28562
   6 28564
   3 28568
   9 28571
  16 28575
  15 286
   8 28600
   9 2862
   2 28624
   7 2863
  18 28632
  13 28633
  12 2864
   8 28649
  14 28650
  11 28661
   6 28673
  11 28674
  19 28682
  10 28687
   8 28690
   3 28693
   1 28704
  11 28708
  12 28712
   5 28716
   3 28717
  11 28729
  12 28732
   7 28737
   9 28741
   1 28760
  18 28762
   2 28765
  15 28774
   8 28775
   6 28780
   9 28789
   9 28790
  15 28793
   7 28804
   5 28808
   1 28814
   1 28818
   4 28820
  11 28823
   9 28825
   6 28833
  10 28837
  16 2885
  12 28851
   7 2887
   2 28872
  10 28875
  10 28878
  30 28887
   1 28893
  13 28895
   8 2890
   9 28904
  10 2891
  11 28927
   4 28930
  11 28933
   9 28942
   7 28948
  14 28954
   8 28957
   3 28965
  18 28980
   2 28982
   3 28983
   7 28991
   3 290
  11 29014
   5 29025
   1 29034
   8 29038
   9 29044
  14 29049
   7 2906
   4 29063
  14 2907
   7 29075
  11 2908
   9 29087
   9 29094
  15 29096
  13 29101
   5 29126
   6 29157
  13 29162
   9 29163
  13 29166
   9 2917
  10 29179
  12 29180
   1 29182
   1 29196
   7 29208
   9 29211
   4 29217
  16 29220
  15 29235
   1 29248
   8 29249
   8 29255
  12 2929
  19 29290
  12 29292
  11 2930
  15 2934
  17 29358
  14 29382
  22 29399
  12 2941
   9 2943
  12 29443
  11 29449
   2 2947
   7 29516
  23 29535
  13 2954
  17 29549
  29 29557
  11 29558
   1 2956
  12 29561
  10 29562
  10 29566
  14 29567
  14 29579
  22 29610
  12 29639
  11 29704
  10 29709
  16 29715
  16 29722
  17 29748
  11 29763
   7 298
   1 2980
  13 29835
  12 29859
  13 29868
   1 299
  12 2992
   8 29926
   4 2994
  17 29945
  15 29964
  14 2997
   8 29985
   9 2999
   7 3
  13 30025
  15 30048
  23 30056
  15 30059
  10 3008
  17 30081
  25 3009
  11 301
  10 3010
  14 30109
   8 30112
  11 30130
  14 30167
  13 30171
 115 30189
  20 30192
  18 30219
  16 30220
  13 30223
  12 30226
   7 30234
  20 30257
  22 30338
  11 30339
  28 30341
  12 30343
  19 30348
   4 3035
  12 30373
  14 30380
  14 30387
  10 30388
  18 30396
  11 30415
  22 30425
  34 30427
  32 30463
  11 3048
  11 30485
  28 30525
   5 3054
  12 30549
  19 30552
  12 30563
   7 30600
  21 30613
   4 3062
  18 30625
  12 30667
   3 30680
  22 30686
  11 30701
  11 3072
  15 30720
  14 30750
   8 308
  17 30804
  13 30829
  11 30830
  18 30833
   8 30838
  21 30855
  13 3087
  15 3090
   9 30910
  14 30925
  17 30934
   6 30978
  14 30991
  17 31013
   7 31017
  10 31037
  20 31082
  15 31089
  35 3109
  12 31102
  13 3111
   8 31111
  12 31149
  15 31153
   6 31170
  10 31187
   7 31190
  15 31193
  20 31213
  18 31255
   7 31258
  16 31310
  22 31321
  11 31327
  14 31347
   8 31351
  21 31360
  14 31364
  15 31369
   8 3137
  11 31373
  15 31375
  15 31410
   8 31436
  12 3144
  14 31446
  13 31448
  16 31452
  24 31502
  12 3151
  19 31510
  16 31518
  14 31521
  12 31526
  15 31529
  11 31546
   9 31568
  10 31570
   9 31597
  15 31613
  12 31662
   8 3167
  14 31676
   5 31686
   7 3169
  12 31721
  23 31724
  17 31768
  21 31791
  10 31804
  12 31844
  13 31872
  14 31891
   8 3192
  12 3193
  20 31932
   9 31939
  17 31941
   8 3198
  16 31981
  10 3199
  12 32009
  15 32024
  24 32036
  13 32059
  18 32092
  17 32103
  11 32107
   7 32113
  16 32135
  15 32140
  16 32143
   9 32175
  22 32180
  13 32194
  15 32196
   4 322
  15 32229
  14 32242
  17 32261
   5 3229
  18 3230
  12 32314
  11 32344
  15 3238
  17 32382
  17 32427
  12 32428
  13 32492
  12 325
  16 32525
   9 3255
  12 32554
  22 32558
  12 3257
   1 3258
  13 32584
  11 32597
  10 32598
   9 326
  16 32605
   5 3261
  11 32629
   5 32639
   9 3264
  18 32662
   3 32666
  16 32678
  10 3268
   9 3271
  17 32710
  17 32722
   9 32746
  19 32752
  23 32757
  17 32765
  16 32795
  15 32797
   1 3280
  50 32852
  17 32859
  12 32860
  16 32888
  14 32892
  21 32894
  12 32896
  10 32905
  19 32913
  10 32930
  15 32935
   9 32942
  13 32946
  20 32954
   9 32958
  14 32962
  13 32968
   6 32980
   7 32981
  13 3300
   1 3301
  15 33011
  17 33032
   7 3308
  10 33088
  10 33095
  10 33127
  10 33149
  10 33151
   1 33170
   8 332
   4 3322
  10 33230
  10 33254
  10 33261
   9 33265
   9 33286
   5 3330
   9 33317
   9 33357
   9 33381
  10 33391
  15 3340
   6 3345
  10 33467
  19 3353
  13 3357
  10 336
  10 33607
  13 33642
  11 33643
  12 33644
  23 33645
  38 33646
  32 33648
  30 33650
   6 33651
  22 33653
   5 33655
  39 33656
  11 33657
  13 33658
  19 33659
  80 33661
  22 33662
  13 33663
  16 33664
   8 33665
 161 33666
  17 33667
  12 33668
  16 3367
  15 33670
  15 33672
  12 33673
  18 33674
  69 33675
  19 33676
  18 33677
  24 33678
  15 33679
   6 3368
  14 33680
  16 33681
   8 33682
  11 33683
   4 33684
  26 33685
   7 33686
  13 33687
  13 33688
  10 33689
   9 3369
  17 33690
  41 33693
   7 33694
  18 33695
  21 33696
   6 33697
  13 33698
  10 33699
   9 33700
  10 33701
  35 33704
  26 33705
  13 33706
  27 33707
  39 33708
  34 33709
  27 33710
  16 33711
  45 33712
  10 33714
  11 33715
   8 33716
  11 33717
  22 33718
  11 33719
  24 33720
  13 33721
  13 33722
  11 33723
  10 33724
  11 33725
  14 33726
  21 33727
  14 33728
  16 33729
  14 33730
  17 33731
  10 33732
  10 33733
  11 33734
  13 33735
  12 33736
  14 33737
   7 33738
  16 33739
   6 3374
  31 33740
  10 33741
   6 33742
  14 33743
  23 33745
   9 33746
  11 33748
   9 33749
  16 33750
  14 33751
  10 33752
  17 33753
  14 33754
  21 33755
  15 33756
  16 33757
  25 33758
  17 33759
  10 33760
  11 33761
   6 33762
  12 33763
  14 33764
  10 33765
  41 33766
  20 33769
  13 33770
   9 33771
  52 33772
  63 33774
  34 33775
  21 33776
  10 33777
  28 33778
  28 33779
  19 33780
  13 33781
  32 33782
  41 33783
  15 33784
  14 33785
  20 33786
   8 33787
  30 33788
  16 33789
  20 33792
   4 33793
  47 33794
   8 33795
   7 33796
  11 33797
  11 33798
  10 33799
  14 3380
  18 33800
  14 33801
  55 33802
  13 33803
  38 33804
  16 33805
  95 33806
  12 33807
  14 33808
  19 33809
  33 33811
  12 33812
  49 33813
  16 33814
  11 33815
  14 33816
  22 33817
  21 33818
  11 33819
  51 33820
  14 33821
  15 33822
  28 33823
  12 33824
  12 33825
  16 33826
  16 33827
  11 33828
  14 33829
  18 33830
  42 33831
  10 33832
   8 33833
  12 33834
   9 33835
  15 33836
  26 33837
  17 33838
  11 33839
  18 33840
  21 33841
  29 33842
   8 33843
  17 33845
  17 33846
  65 33847
  13 33848
  16 33849
  20 33850
  12 33852
  11 33853
  19 33854
  15 33855
  12 33856
  18 33857
  15 33858
  24 33859
  42 33860
  10 33861
  27 33862
  23 33863
  17 33864
  13 33865
  12 33866
  10 33868
  19 33869
  18 33870
  16 33871
  18 33872
  20 33873
  10 33874
  11 33875
  10 33876
  12 33877
  20 33878
  10 33879
  52 33880
   9 33881
  14 33882
  10 33883
  15 33884
  25 33885
  33 33886
  15 33887
  20 33888
  90 33889
  29 33890
  34 33891
  20 33892
   6 33893
  18 33894
  42 33899
  11 33900
  39 33901
  36 33902
  11 33903
  28 33904
  15 33905
   8 33906
  33 33907
  17 33908
  12 33909
   6 3391
  15 33911
  63 33913
  14 33914
  79 33915
  16 33916
  89 33917
  12 33918
  90 33919
   6 3392
  18 33920
   7 33921
  20 33922
  11 33923
  54 33924
  78 33925
  10 33926
  11 33927
  32 33928
   9 33929
  15 33930
  16 33931
  14 33932
  18 33934
  28 33935
  10 33936
  16 33937
  19 33938
  13 33939
   6 3394
  21 33940
  16 33941
  18 33942
  11 33943
  27 33944
  48 33945
  14 33946
   8 33947
  17 33949
   6 33950
  44 33951
  38 33952
  15 33953
  13 33954
  13 33955
   9 33956
  12 33957
  16 33958
  19 33959
 187 33960
  18 33961
  18 33962
  10 33963
  28 33964
  17 33965
  98 33966
  33 33967
  10 33968
  10 33969
  13 33970
  34 33971
  13 33972
   9 33974
  15 33975
  16 33976
  16 33977
  71 33978
  14 33979
  11 33980
   8 33981
   7 33982
  46 33983
  25 33984
  17 33985
  21 33987
  24 33988
  15 33989
  46 33990
  34 33991
  19 33992
   7 33993
  16 33994
  42 33995
  26 33996
  10 33997
  18 33998
  16 33999
  14 34000
  11 34002
  26 34003
  13 34004
  19 34005
   8 34006
  49 34007
  12 34008
  13 34009
 119 34010
  12 34011
  12 34012
  18 34013
  11 34014
  24 34015
  17 34016
  38 34017
  24 34018
  14 34019
  31 34020
  19 34022
   7 34023
  13 34024
  13 34025
  41 34026
  25 34027
   9 34028
  66 34029
  11 34030
  10 34031
  16 34032
   6 34033
  23 34034
  13 34035
  14 34036
  18 34037
  22 34038
  70 34039
  14 34040
  38 34041
  26 34042
  13 34043
  10 34045
   8 34046
   9 34047
  19 34048
   7 34049
  43 34050
  11 34051
  13 34053
  16 34057
   9 34058
  14 34059
  23 34060
   6 34061
  13 34062
  21 34063
  12 34064
  10 34065
  11 34066
  28 34067
  91 34068
  20 34069
  43 34071
  31 34072
  11 34073
  18 34074
  10 34075
 240 34076
  10 34077
  15 34078
  20 34079
  17 34080
  15 34081
  17 34082
  16 34083
  59 34084
  20 34085
  17 34086
  16 34087
  10 34088
  35 34089
   8 34090
  32 34091
  11 34092
  12 34093
  13 34094
  11 34095
  23 34096
  24 34097
  15 34098
  12 34099
 101 34100
   7 34101
   9 34102
  17 34103
   6 34104
  10 34105
  11 34106
   9 34107
  14 34108
   9 34109
  24 3411
   6 34110
  14 34111
  72 34112
  13 34113
  12 34114
  25 34115
  34 34116
  24 34117
  16 34118
  53 34119
  11 34120
  43 34121
  11 34122
  15 34123
  38 34124
  12 34125
   7 34126
  12 34127
  39 34128
  11 34129
   9 34132
  26 34133
  16 34134
  11 34135
  14 34136
  13 34137
  16 34138
  14 34139
  18 34140
  18 34141
  33 34142
  15 34143
  14 34144
  76 34145
   9 34146
  20 34147
  12 34148
  12 34149
  12 34150
   7 34151
  24 34152
 115 34153
  19 34154
  12 34155
   9 34156
  90 34157
  10 34158
  52 34159
  11 34160
  25 34161
  17 34162
  66 34163
  10 34164
  10 34165
  12 34166
  72 34167
  10 34168
  16 34169
  35 34171
   9 34172
  37 34173
  13 34174
  13 34175
  11 34176
 153 34177
  32 34178
  37 34179
  23 34180
  29 34181
  34 34182
  16 34183
  23 34184
  28 34185
   8 34186
  18 34188
   8 34189
  25 34190
  20 34191
  20 34192
  11 34193
  11 34194
  15 34195
  16 34196
   9 34197
  80 34198
  32 34199
  23 34200
  45 34201
  24 34202
  11 34203
  19 34204
  12 34205
  13 34207
  14 34208
  18 34209
  10 34210
  30 34211
  23 34212
  33 34213
  48 34214
  13 34215
   9 34216
   7 34217
  10 34218
  14 34219
  16 34220
  19 34221
  34 34222
  12 34223
  20 34226
   7 34227
  11 34228
  12 34229
   9 34230
   9 34231
  10 34232
  27 34233
  20 34234
  17 34236
  13 34237
  12 34238
  12 34239
  17 34240
   8 34241
  20 34243
  13 34244
  11 34245
  12 34246
  27 34247
  21 34248
  12 34249
   9 3425
   9 34250
  19 34251
  15 34252
  12 34253
   8 34254
  13 34255
  14 34256
  45 34258
  15 34259
  29 34261
  19 34262
   4 34263
  15 34264
  11 34266
   8 34268
  42 34270
  15 34271
   9 34272
   6 34273
   6 34274
  48 34275
  14 34276
  14 34277
  22 34278
  11 34279
   9 34280
  10 34281
  15 34282
  14 34284
  30 34285
  20 34286
  16 34287
   9 34289
  26 34290
  19 34291
  14 34292
  23 34293
  10 34294
  16 34295
  10 34297
  12 34298
  92 34299
   7 3430
  26 34300
  23 34301
  13 34302
  17 34303
  13 34304
   9 34305
  14 34306
  17 34307
  78 34308
  35 34309
   8 34310
   9 34311
  12 34312
   9 34313
  15 34314
  30 34315
  19 34316
  17 34317
  32 34318
  22 34319
  10 3432
  12 34320
  19 34321
 144 34322
 223 34323
  36 34324
  38 34325
   8 34326
  31 34327
  15 34328
  10 34329
   9 3433
  13 34330
  10 34331
  15 34332
   8 34333
  10 34334
  61 34335
  18 34336
 107 34337
  21 34338
  20 34339
  21 34340
  15 34341
  35 34342
  12 34343
   9 34344
  22 34345
   7 34346
  12 34347
   9 34349
  12 34350
  10 34351
  22 34352
  10 34354
  14 34355
  47 34356
  29 34357
  37 34358
  12 34359
  12 34360
   9 34361
  19 34363
   9 34364
  16 34365
  11 34366
  13 34367
   9 34368
  38 34370
  41 34372
  19 34373
  11 34374
  14 34375
   6 34376
  16 34377
 119 34378
  10 34380
  11 34381
   7 34382
  16 34383
  14 34384
  48 34385
  21 34386
  16 34387
  20 34388
  37 34389
  17 3439
  20 34390
   8 34391
  49 34392
  14 34393
  18 34394
   7 34395
  12 34396
  12 34397
  10 34398
  65 34399
  12 34400
  11 34401
  18 34402
  12 34403
  48 34404
  22 34405
  18 34406
  14 34407
  22 34408
  11 34409
   9 34410
  34 34411
  11 34412
  12 34413
  25 34414
  10 34415
  11 34416
  23 34417
 129 34418
  14 34419
  23 34420
  13 34421
  10 34422
  14 34423
  12 34424
  13 34425
   6 34428
  12 34429
  12 34430
  13 34431
  15 34432
   9 34433
  16 34434
  35 34435
  28 34436
  37 34437
  14 34438
  10 34439
  12 34440
  23 34441
  11 34442
  11 34443
  63 34444
   9 34445
  15 34446
  21 34447
  14 34448
  44 34449
  16 34450
  17 34451
  11 34452
  12 34453
  47 34454
  13 34455
  13 34456
 180 34457
  28 34458
  10 34459
  14 34460
  13 34461
  15 34462
  11 34463
  16 34464
 134 34465
  10 34466
  12 34467
  12 34470
  36 34471
  18 34472
  51 34473
  65 34474
  19 34475
  30 34476
  72 34477
  25 34478
  10 34479
  25 34480
  38 34481
  20 34482
  25 34483
  28 34484
  13 34486
  12 34487
  11 34488
  50 34489
   6 3449
  12 34490
  10 34491
  11 34492
   9 34493
  19 34494
  11 34495
  22 34497
  33 34498
  13 34499
  39 34500
   6 34501
  29 34502
  35 34503
  15 34504
  12 34505
  11 34506
  40 34507
  19 34508
  31 34509
  17 34510
  10 34511
  40 34512
  10 34513
  12 34516
  67 34517
  30 34518
  19 34519
  19 34520
   7 34521
  21 34522
  13 34523
  11 34524
  25 34525
  34 34526
  14 34527
  64 34528
 137 34529
  14 34530
   8 34531
 125 34532
  10 34533
  15 34534
   8 34535
  31 34536
  13 34537
  72 34538
  22 34539
  12 34540
  13 34541
   9 34542
  15 34543
  21 34544
  12 34545
  16 34546
  13 34547
  18 34548
 169 34549
  15 34550
   8 34551
  31 34552
  24 34553
  10 34554
  27 34555
  37 34556
  15 34557
   8 34558
  85 34559
  12 34560
  12 34561
  24 34563
  18 34564
  11 34565
  21 34566
   5 34567
  15 34568
   7 34570
  12 34571
  18 34572
  15 34573
   9 34574
  19 34575
  24 34576
   9 34577
   7 34578
  13 34579
  42 34580
  81 34581
  22 34582
  31 34583
  18 34584
  22 34585
  12 34586
  10 34587
   9 34589
   9 3459
  14 34590
  29 34591
  15 34592
  10 34593
  23 34594
  16 34595
  11 34597
  12 34599
   3 3460
  20 34601
  16 34602
  81 34603
   9 34604
  19 34605
  12 34606
  18 34607
  14 34608
  32 34609
  10 34610
   9 34611
  56 34612
  30 34613
  55 34614
   9 34615
  33 34616
  14 34617
  14 34618
  10 34619
  29 34620
   9 34621
  12 34622
  13 34623
  13 34624
   9 34625
   8 34626
  59 34627
  11 34628
  36 34629
  15 34630
   6 34631
   9 34632
   5 34633
  21 34634
  15 34635
  10 34636
  45 34637
  48 34638
  13 34639
  35 34640
  11 34641
  15 34642
  22 34643
  24 34644
  35 34645
  28 34646
  38 34647
  35 34649
  10 34650
  17 34651
  18 34653
  11 34654
  16 34655
   9 34656
  19 34657
  34 34658
  20 34659
  13 34660
  19 34661
 111 34662
  12 34663
  14 34664
  12 34665
  15 34666
  87 34667
  19 34668
  11 34669
  10 3467
  12 34670
   9 34671
   6 34672
  11 34673
  45 34674
  12 34675
  21 34676
 188 34677
  32 34678
  10 34679
  44 34680
  46 34682
  18 34684
  10 34685
  82 34686
  50 34687
  13 34688
  50 34689
  10 34690
  20 34691
   9 34692
  12 34693
  65 34694
  16 34695
  16 34696
   8 34697
  13 34698
   8 34699
  12 34701
 131 34702
  13 34703
  21 34704
  11 34705
  14 34706
   7 34707
  12 34708
  17 34709
   8 3471
  13 34711
  16 34712
 180 34713
  49 34714
  20 34715
  21 34716
  14 34717
  99 34718
  27 34719
  18 34720
  13 34721
  10 34722
  14 34723
  31 34724
  11 34725
  27 34726
   9 34727
   8 34728
  12 34729
  32 34730
   7 34731
  66 34732
  36 34735
   8 34736
  20 34738
   9 34739
  11 34740
  13 34741
  13 34742
   7 34743
  11 34744
  13 34745
  15 34746
  10 34747
  10 34748
  12 34749
   9 34750
  31 34751
  23 34752
   8 34753
  26 34754
  17 34755
  30 34756
  35 34757
  21 34758
  23 34759
  13 34760
  18 34761
  18 34762
  21 34763
  13 34764
  11 34765
  13 34766
   9 34767
  23 34768
  17 34769
  30 34770
  15 34771
  10 34773
  24 34774
  30 34776
   7 34777
  13 34778
  21 34779
  10 34780
  12 34781
  15 34783
  11 34784
  10 34785
  12 34786
  11 34787
   7 34788
  14 34789
  12 34790
  18 34791
  29 34792
  13 34793
  15 34794
  26 34795
  12 34796
  14 34797
  13 34798
  21 34799
  75 34800
  36 34801
  13 34802
   9 34803
  25 34805
  10 34806
  24 34807
  11 34808
  11 34809
  18 34810
  32 34811
   8 34814
   9 34815
  14 34816
  15 34817
  10 34818
   8 34819
  11 34820
  12 34821
  14 34822
  16 34823
   8 34824
  10 34825
  14 34826
  20 34827
  12 34828
  15 34829
  21 3483
   9 34830
  11 34831
  16 34832
  19 34833
  24 34834
  43 34835
  23 34836
  19 34837
  22 34838
  48 34839
   8 34840
  39 34841
  11 34842
  21 34843
  25 34844
  25 34845
   6 34846
  16 34847
  35 34848
  52 34849
  36 34850
  11 34851
  79 34852
  10 34853
  11 34854
  30 34855
  13 34856
   3 34857
  21 34858
  25 34859
   8 34860
  11 34861
  12 34862
  26 34863
  15 34864
  19 34865
  15 34866
  31 34867
  12 34868
  27 34869
  16 34870
  14 34871
  17 34872
  20 34873
  20 34874
  17 34875
  21 34876
  17 34877
  15 34878
  49 34879
  27 34880
  24 34881
  14 34882
  13 34883
   8 34884
  19 34885
  26 34886
   8 34887
  20 34888
  22 34889
  10 3489
  13 34890
   7 34891
  12 34892
  11 34893
  16 34894
  19 34895
  36 34896
  15 34897
  26 34898
  15 34899
   7 3490
  29 34900
  18 34901
  14 34902
  11 34903
  16 34904
  18 34905
  25 34906
  17 34907
  26 34908
  13 34909
  17 34911
  37 34912
   8 34913
  33 34914
  12 34915
  14 34916
  10 34918
   9 34919
   9 34920
  40 34921
  36 34922
  76 34923
  21 34924
   9 34925
  27 34926
  11 34927
  15 34928
   6 34929
  25 34930
  12 34931
  17 34932
  13 34934
   8 34935
  13 34936
  22 34937
  15 34938
   4 34939
  13 34940
 241 34941
  19 34942
  13 34943
  36 34944
   7 34945
  11 34946
  55 34947
  10 34948
  38 34949
   7 34950
  10 34951
 132 34952
  24 34953
  19 34954
  15 34955
  16 34956
  48 34957
   7 34958
  44 34959
  16 34960
  13 34961
  10 34962
  13 34963
  12 34967
  17 34968
  11 34969
  29 34970
  77 34971
  79 34972
  12 34973
  18 34974
  20 34975
  10 34976
  48 34977
  11 34978
   8 34979
  22 34980
  20 34981
  28 34982
  13 34983
  12 34984
  14 34985
  15 34986
  54 34987
  34 34988
  21 34989
   6 3499
  10 34990
  10 34991
  86 34992
  44 34993
  13 34994
  17 34995
  49 34996
  22 34998
  32 34999
   2 35
   3 350
  29 35000
  21 35001
  42 35002
  40 35003
  34 35004
  33 35005
   7 35006
  10 35007
  31 35008
  21 35009
  15 35010
   6 35011
  43 35012
  13 35013
  17 35014
  16 35015
  26 35016
  69 35017
  55 35018
  95 35019
  22 35020
  38 35021
  59 35022
  17 35023
  51 35024
  50 35025
   7 35026
  16 35027
  24 35028
  28 35029
  11 3503
  30 35030
  28 35031
  26 35032
  50 35033
  24 35034
  14 35035
  12 35036
  25 35037
  41 35038
  27 35039
  34 35040
  10 35041
  30 35042
  11 35043
  15 35044
  30 35045
  20 35046
  29 35047
  28 35048
  10 35049
  10 35050
  51 35051
  19 35052
  27 35053
  24 35054
  48 35055
  17 35056
  28 35057
  29 35058
   9 35059
  13 3506
  18 35060
  62 35061
  18 35062
   9 35063
  14 35064
  33 35065
  31 35066
  32 35067
  29 35068
  15 35069
  31 35070
  41 35071
  34 35072
  11 35073
  21 35074
  13 35075
  41 35076
  35 35077
  16 35078
  19 35079
  22 35080
  44 35081
  17 35082
   8 35083
  35 35084
  47 35085
  17 35086
  22 35087
  27 35088
  15 35089
  15 35090
  49 35091
  18 35092
  29 35093
  10 35094
  64 35095
  27 35096
  47 35097
   8 35098
  14 35099
  14 35100
  17 35101
   6 35102
  31 35104
  22 35105
  14 35106
  22 35107
  14 35108
  33 35109
  11 3511
  59 35110
  21 35111
  26 35112
  23 35113
  15 35114
  21 35115
  21 35116
  18 35117
  27 35118
  37 35119
  14 35120
  13 35121
  46 35122
  17 35124
  17 35125
  15 35126
  60 35127
  43 35128
  32 35129
  20 35130
  19 35131
 208 35132
  13 35133
   8 35134
  34 35135
  16 35136
  42 35137
  52 35138
  12 35139
  13 35140
  24 35141
  28 35142
  14 35143
  23 35144
  30 35145
  48 35146
  24 35147
  21 35148
  21 35149
  21 35150
  18 35151
  44 35152
  20 35153
  20 35154
  15 35155
  25 35156
  27 35157
  10 35158
  42 35159
  14 35160
  40 35161
  14 35162
  17 35163
  34 35164
  17 35165
   8 35166
  33 35167
  39 35168
  29 35169
  36 35170
  21 35171
  11 35172
   7 35173
  24 35174
  41 35175
  15 35176
  52 35177
  17 35178
  15 35179
  56 35180
  29 35181
  12 35182
  17 35183
  39 35184
  40 35185
  23 35186
   8 35187
  10 35188
  10 35189
  41 35190
  21 35191
  12 35192
   5 35193
  12 35194
  18 35195
  44 35196
  44 35197
  18 35198
  20 35199
  81 35200
  13 35201
  21 35202
  23 35203
  16 35204
  36 35205
  19 35206
  17 35207
  26 35208
   6 35209
  22 35210
  19 35212
  10 35213
  22 35214
  37 35215
  39 35216
  13 35217
  18 35218
  44 35219
  16 35220
  16 35221
  35 35222
  60 35223
  32 35224
  26 35225
  29 35226
  10 35227
  12 35228
  38 35229
  18 35230
  22 35231
  10 35232
  18 35233
  17 35234
  22 35235
  20 35236
  48 35237
  10 35238
  18 35239
   9 3524
  22 35240
  16 35241
  16 35242
  19 35243
  32 35244
  31 35245
  28 35246
  15 35247
  14 35248
  12 35249
  26 35250
  32 35251
  22 35252
   7 35253
  19 35254
  17 35255
  16 35256
  14 35257
  12 35258
  16 35259
  67 35260
  11 35261
  32 35262
  10 35263
  21 35264
  26 35265
  19 35267
  12 35268
  14 35269
  11 35270
  33 35271
  19 35272
  31 35273
  15 35274
  30 35275
  35 35276
  12 35277
  24 35278
  12 35279
  46 35280
  31 35281
  18 35282
  35 35283
  42 35284
  19 35285
  23 35286
  25 35287
  27 35288
  91 35289
   7 3529
  17 35290
  25 35291
  13 35292
  35 35293
  19 35294
  19 35295
  74 35296
  14 35297
  22 35298
  20 35299
  13 3530
  16 35300
  21 35301
  41 35302
  52 35303
  11 35304
  19 35305
  25 35306
  18 35307
   9 35308
  44 35309
  20 35310
  10 35311
 227 35312
  20 35313
  18 35314
  52 35315
  66 35316
  51 35317
  22 35318
  15 35319
  25 35320
  42 35321
  24 35322
  34 35323
  21 35324
  45 35325
  15 35326
  28 35327
   9 35328
  20 35329
  20 35330
  25 35331
  11 35332
  15 35333
 121 35334
  16 35335
  10 35336
  13 35337
  28 35338
  27 35339
  13 35340
  24 35341
  14 35342
  14 35343
   9 35344
  17 35345
  13 35346
   7 35347
  27 35348
  23 35349
  12 35350
  21 35351
  26 35352
  18 35353
  28 35354
  16 35355
  17 35356
  13 35357
  15 35358
  26 35359
  44 35360
  17 35361
  44 35362
  13 35363
  35 35365
  20 35366
  25 35367
  11 35368
  25 35369
  33 35370
  18 35371
  10 35372
  22 35373
  60 35374
  20 35375
  25 35376
  18 35377
  39 35378
  29 35379
  14 35380
  27 35381
  15 35382
  21 35383
  34 35384
  29 35385
  12 35386
  33 35387
  19 35388
  16 35389
  12 35390
  33 35391
  31 35392
  19 35393
  51 35394
  27 35395
  25 35396
  15 35397
  11 35398
  46 35399
   8 35400
  29 35401
  27 35402
  36 35403
  16 35404
  23 35405
  35 35406
  32 35407
  24 35408
  11 35409
  15 35410
  16 35411
  30 35412
  23 35413
  12 35414
  34 35415
  42 35416
  11 35417
  15 35418
  25 35419
  14 35420
  12 35421
  34 35422
   8 35423
  13 35424
  17 35425
  21 35426
  15 35427
  21 35428
  26 35429
  18 35430
  44 35431
  39 35432
  18 35433
  26 35434
  31 35435
  23 35436
  13 35437
  42 35438
  17 35439
  28 35440
   9 35441
  25 35442
  14 35443
  13 35444
  14 35445
  34 35446
  16 35447
  11 35448
  31 35449
  12 35450
  11 35452
   9 35453
  13 35454
  20 35455
  39 35456
  16 35457
  12 35458
  27 35459
  17 35460
   6 35461
  11 35462
  20 35463
  25 35464
  41 35465
  36 35466
  11 35467
  13 35468
   9 35469
  17 35470
  25 35471
  13 35472
  10 35473
  24 35474
  34 35475
  44 35476
  13 35477
  25 35478
  29 35479
  14 35480
  18 35481
  68 35482
  17 35483
  19 35484
  21 35485
  44 35486
  38 35487
  50 35488
  12 35489
  22 35490
  19 35491
  19 35492
  18 35493
  16 35494
  52 35495
  18 35496
  27 35497
  31 35499
   5 3550
  16 35500
  50 35501
  53 35502
  27 35503
  20 35504
  21 35505
  13 35506
  18 35507
  12 35508
  10 35509
  21 35510
  19 35511
  13 35512
  26 35513
  15 35514
  16 35515
  21 35516
  13 35517
  32 35518
  54 35519
  26 35520
   9 35521
  11 35522
  19 35523
  19 35524
  16 35525
  76 35526
  24 35527
  34 35528
  29 35529
   4 3553
  29 35530
  23 35531
  50 35532
  28 35533
  17 35535
  16 35536
  39 35537
  16 35538
  25 35539
  35 35540
  25 35541
  10 35543
  44 35544
  27 35545
  40 35546
  27 35547
  38 35548
  34 35549
  24 35550
  20 35551
  56 35552
  39 35553
  34 35554
  20 35555
  56 35556
  12 35557
  42 35558
  13 35559
  17 35560
  35 35561
  45 35562
  10 35563
  12 35564
  10 35565
  38 35566
  30 35567
  18 35568
  28 35569
  10 35571
  16 35572
  18 35573
  26 35574
  17 35575
  49 35576
  15 35577
  12 35578
  16 35579
  29 35580
  43 35581
  14 35582
  19 35583
  17 35584
  19 35585
  39 35586
  13 35587
  25 35588
  13 35589
  15 35590
  36 35591
  21 35592
  28 35593
  12 35594
   8 35595
  27 35596
  18 35597
  49 35598
  21 35599
  13 35600
  23 35601
   9 35602
  12 35603
  18 35604
  26 35605
  35 35606
  11 35607
  46 35608
  50 35609
  18 35610
  19 35611
  26 35612
  10 35613
  23 35614
   9 35615
  15 35616
  10 35617
  15 35618
  14 35619
  19 35620
  26 35621
  17 35622
  37 35623
  27 35624
  20 35625
  25 35626
  28 35627
  11 35628
  28 35629
 184 35630
  14 35631
  10 35632
  16 35633
  42 35634
  23 35635
  32 35636
   6 35637
  10 35638
  64 35639
   6 35640
  65 35641
  31 35642
   8 35643
  20 35644
  14 35645
  50 35646
  14 35647
  12 35648
  19 35649
  14 35650
  24 35651
   6 35652
  14 35653
   7 35654
  12 35655
  13 35656
  16 35657
   9 35658
  18 35659
  22 35660
  14 35661
  18 35662
  45 35664
  12 35665
  22 35666
  16 35667
  35 35668
  23 35669
  12 3567
  40 35670
  30 35671
  13 35672
  25 35673
  26 35674
  17 35675
  10 35676
  30 35677
  13 35678
   9 35679
  21 35680
  18 35681
  11 35682
  29 35683
  14 35684
  17 35685
  21 35686
  17 35687
  40 35688
  75 35689
  24 35690
  12 35691
  26 35692
  16 35693
  21 35694
  15 35695
  10 35696
  17 35697
  45 35698
   8 35699
   3 357
  33 35700
  13 35701
  28 35702
  10 35703
  20 35704
  11 35705
  28 35706
  15 35707
  14 35708
  35 35709
  14 35710
  38 35711
  11 35712
  42 35713
  13 35714
  20 35715
  23 35716
  27 35717
  12 35718
  16 35719
  25 35720
  22 35721
  12 35722
  30 35723
  47 35724
  39 35725
  13 35726
  15 35727
  15 35728
  22 35729
  45 35730
  25 35731
  15 35732
  14 35733
  28 35734
   9 35735
  25 35736
  11 35738
 129 35739
  37 35740
  33 35741
  41 35742
  31 35744
   9 35745
  11 35746
  12 35747
   5 35748
  28 35749
  31 35750
  12 35751
  13 35752
  20 35753
  29 35754
  14 35755
  17 35756
  38 35757
  13 35758
  21 35759
  10 3576
  26 35760
  12 35761
  11 35762
  17 35763
  11 35764
  37 35765
  23 35766
  16 35767
  18 35768
  13 35769
  14 35770
  23 35771
  15 35772
  25 35773
  13 35774
  35 35775
  13 35776
  11 35777
  18 35778
  14 35779
  27 35780
 224 35781
  19 35782
  27 35783
  52 35784
  27 35785
  17 35786
  16 35787
  19 35788
  36 35789
  17 35790
  40 35791
  45 35792
  13 35793
  74 35794
  13 35795
 113 35796
  56 35797
  19 35798
  20 35799
  12 35800
  26 35801
  50 35802
  21 35803
  21 35804
  21 35805
  22 35806
  18 35807
  30 35808
  51 35809
   6 3581
  20 35810
  31 35811
   8 35812
  10 35813
  57 35814
  11 35815
  34 35816
  20 35817
  45 35818
  13 35819
  27 35820
  13 3599
   8 36
   5 3608
   2 3614
   4 3618
   2 3619
   9 3620
   2 3621
   7 3628
   8 3630
   4 3649
   7 3652
  15 3674
  10 3686
   2 3698
   5 37
   3 371
  10 3716
   4 3739
  20 3745
   1 3746
   1 3749
   8 3750
   9 3751
   3 3768
   8 3775
  10 3779
   5 3786
   7 3789
   5 3790
   3 3791
  17 3793
  12 3803
   8 3813
   6 3816
   6 3819
   9 3824
   6 3837
   9 3840
  13 3854
   5 3875
   8 3878
   6 3883
   2 3889
   2 3895
   4 3898
  14 3899
  12 3904
   8 3908
   5 3910
   3 3917
  14 3919
   1 3934
  15 3942
   8 3947
   6 3950
  10 3952
   5 3960
  10 3961
   8 3964
   7 3983
  11 3985
  23 3988
   8 4
   8 4000
  13 4005
  16 4013
   4 4018
   9 4020
   9 403
  10 4032
  13 4035
   3 4039
  16 4047
   7 4049
  10 4052
  12 4056
  16 4057
  10 4058
  10 4059
   9 4061
   3 4062
   9 4063
  12 4076
  13 4079
  15 4082
  17 4085
   9 4087
  14 4089
   6 4090
   1 4091
  11 4095
  12 4096
   9 4097
  12 410
   6 4107
   2 4120
  12 4128
  13 4135
  13 4139
   7 414
  12 4140
  16 4143
  12 4157
  11 4159
   5 4162
   6 4164
   5 4165
   6 4167
  37 4173
   9 4174
   3 4184
  23 4197
   4 420
   3 4201
   7 4206
  12 4229
   6 4230
  13 4233
  10 4235
  17 4250
   5 4254
   4 4257
  13 4262
   9 4270
  16 4283
   7 4296
   6 4298
   6 430
  10 4300
  18 4304
   9 4306
   1 4314
   7 4315
   9 4317
  11 4322
   6 4323
  12 4342
   3 4344
   9 4348
   6 4349
   5 4357
   3 4359
   4 4363
   3 4372
   8 4379
  14 438
  11 4382
   8 4385
  11 439
   3 4394
  11 4409
   6 441
   9 4419
   6 4421
   6 4445
   8 4448
  18 4458
   7 4462
   5 4468
  11 4470
   8 4471
   8 4473
  12 4476
  11 4484
  16 449
   4 4492
   8 4500
   5 4501
  19 4509
   6 451
  12 4518
   4 4522
   9 4528
   3 4539
  12 4544
  13 455
  13 4551
   5 4552
   2 4564
   9 4567
   9 4576
   9 4579
   7 4580
   8 4586
  22 4588
  11 4589
   7 4606
  20 4609
   7 4616
  12 4617
   7 4624
   5 4638
  12 4640
   1 4641
   6 4648
   6 465
   9 4651
  15 4652
   8 4658
   7 4666
   6 4667
   3 4668
  21 4671
   7 4679
   4 4682
   4 4683
   7 4686
   8 4695
  11 4698
  11 4700
  11 4711
  18 4729
  10 4739
   8 4742
   2 4746
   7 4752
   5 4766
   7 4771
  14 4773
   7 4786
  11 4808
   4 4812
   5 4818
   3 4824
   4 4832
   2 4833
   8 4835
   9 4841
   9 4849
   2 4856
   3 4862
   1 4864
  32 4867
   6 4876
   7 4877
  11 4882
   7 4883
  13 4892
   5 4897
  10 4902
  11 4915
  11 4922
   4 4932
   8 4933
   4 4937
  10 494
  16 4941
   1 4942
  13 4946
  15 4947
  10 4955
   5 4967
   9 497
  12 4970
  11 4973
   9 498
  10 4985
  17 5
  19 5008
   9 5016
   8 5021
   6 5022
  10 5024
  10 5029
  11 5035
   6 5042
   5 5045
  11 5058
   1 506
  11 5061
   8 5063
  11 5067
  21 5071
  11 5072
   7 5076
   5 5077
  17 5079
  12 5087
  12 5088
   7 51
  15 5108
  25 5109
  10 5116
   6 5121
  43 5124
  11 5127
   7 5139
   1 5141
   6 5142
  11 5156
  18 5157
   7 5167
  21 5169
  12 5171
  10 5179
   1 5188
   3 5191
   4 5195
   5 5196
   8 5197
   8 5199
  12 5206
   5 5207
  12 5210
   4 5223
   2 5229
  10 5233
  12 5235
   7 5250
  26 5254
  10 5255
   7 5264
  18 5265
  14 5282
   8 5300
   6 5306
   8 5313
   6 5314
   6 5315
   7 5322
   5 5331
   9 5332
   3 5340
   3 5346
   7 5349
  13 535
  10 5350
   9 5352
   5 5357
   8 5362
  11 5363
   4 5366
   9 5369
   8 5370
  41 5372
   6 5375
   7 5389
   6 539
  36 5398
   9 54
  34 5415
   3 5417
  15 542
   8 5424
   6 5426
   9 5427
   7 5430
   4 5438
   1 5446
  12 5447
   6 546
   5 5461
  16 5466
  29 5467
   8 5468
   6 547
  10 5473
   9 5505
   9 5511
  10 5513
  13 5517
  11 5532
   9 5533
   9 554
   9 5553
   2 5562
   9 5564
  21 5566
   8 5577
  14 5579
   6 5597
   2 560
   1 5601
  11 5604
   5 5608
   2 5612
   6 5614
  13 5617
   2 5621
  22 5624
  15 5629
  20 5638
  16 5646
   5 5652
   1 5654
  17 5660
   5 5666
   5 5684
   5 5690
   6 5700
   5 5702
   9 5704
  12 5705
  11 5709
   5 5717
   9 5720
  12 5723
   9 5734
   7 5740
   9 5743
   9 5755
   6 5758
  21 5760
   2 5769
   7 577
  37 5770
  11 5792
   8 5796
   9 5797
  12 5807
   9 5810
  13 5811
  12 5822
  10 5833
  11 5836
   8 5839
   8 5843
   8 5848
   9 5858
  18 5860
  10 5876
  11 588
  39 5892
  26 5900
   3 5905
  21 5909
  13 5910
   9 5916
   9 5918
   7 5922
  13 5926
   3 5928
   9 593
   6 5930
   9 5936
  22 5948
   3 5955
  16 5956
   2 5962
   9 5963
   7 5970
   8 5971
  14 5973
  11 5976
   7 5979
  13 5981
  11 5983
   6 5985
   7 5990
   5 5996
   1 6000
   4 6003
  10 6005
   3 6017
  12 6018
  13 6024
   1 6042
   8 6045
   1 6047
  14 6055
   8 6057
   8 607
  10 6079
   7 6083
   8 6093
   4 6097
  16 61
  11 6102
  12 6106
   6 6107
   5 611
  11 6134
  17 6136
  27 6146
  11 615
   8 6155
   2 6164
   6 6175
   7 6178
   8 6200
   8 6213
   1 6215
  15 6224
  12 6244
  11 6248
   9 6253
   6 6255
   7 6256
  22 6260
  12 6266
  10 6267
   9 6269
   5 6272
  10 6278
  12 6279
   5 6287
   6 6291
  11 6293
  11 630
   3 6303
  12 6307
   6 631
  13 6324
  10 6326
  10 6327
   4 6328
  10 6330
  12 6349
   4 636
  13 6369
  10 6370
   7 6375
  10 6382
   7 6395
  13 6399
  13 6402
  10 6404
  12 6406
  11 6414
  24 6424
  15 6426
   7 6437
   2 6438
   5 6441
   8 6445
  12 6460
   6 6462
  42 6474
   5 6476
   7 6477
   8 6481
   2 6492
   4 6497
   1 650
   4 6503
   1 6510
  10 6516
   5 6523
   8 6524
   8 6533
   6 6542
  10 6543
  26 6550
   8 6551
  12 6555
   8 6560
   4 6563
   5 6572
   3 6579
   9 6580
   8 6583
   8 6584
  10 6585
  11 6593
  17 6597
   8 6604
   9 6607
  16 6617
  10 6620
   4 6639
  11 6650
  11 6652
  11 6654
  13 6657
  19 6662
   8 6663
  10 6666
  11 6667
   9 6671
   5 6676
  27 6678
   5 6680
  11 6688
  33 6694
  16 6699
   7 6702
   5 6704
   9 6709
  12 6710
  10 6716
   3 672
  25 6720
  11 6725
  15 6726
  15 6727
  13 6728
   5 6733
   6 6743
   5 6747
   6 6748
  25 6751
   5 6755
   9 6767
   7 6774
   6 6775
  18 6784
  13 6794
  13 6797
  16 682
   5 6822
   4 6823
   3 6827
  11 6838
  25 6842
   7 6846
  11 6850
  13 6852
   3 6861
  12 6864
   9 6866
  10 6872
   9 6875
  17 6880
  16 6887
  24 6888
  14 6895
   2 6903
   7 6908
  16 6910
   3 6911
   8 6917
   7 6918
   5 6921
   2 6925
  12 6934
   3 6944
  13 6948
  15 6960
   9 6963
   1 6969
   4 6988
  11 7
   6 7004
   8 7006
  40 7008
  15 7009
  14 7024
   9 7035
  12 704
   3 705
   1 7056
  10 7058
   8 7060
   1 7061
  13 7062
  11 7078
   7 7085
   7 710
  11 7108
   1 7112
  10 7114
  10 7122
  12 7124
  14 7125
  15 7129
  14 7143
  10 7158
  19 7159
   9 7168
   6 7169
   6 7180
  32 7183
   6 7188
  12 7192
  15 720
   9 7208
  13 721
  26 7214
   5 7220
   6 7221
  14 7226
  37 7234
   1 725
   2 7275
   6 7285
  13 7300
   8 7314
   4 7320
   8 7324
   6 7327
   9 7328
  14 7329
   3 7332
  20 7336
  12 7353
   9 7357
   1 7365
   6 7367
   1 7372
  11 7382
  11 7383
   5 7394
  10 74
  10 740
  16 7406
   1 7415
  17 7419
  13 7423
  22 7427
  11 7428
   5 7436
  16 7440
   7 7449
  10 745
   8 7452
   5 746
   8 7460
   3 748
   2 7484
  12 7497
   2 7501
  11 7516
  10 7518
  33 7527
  10 7530
   4 7531
   1 7536
  11 7549
  34 7553
  16 7554
   8 7564
  13 7567
  12 7573
  11 758
   1 7586
   4 759
  26 7591
   9 7596
  17 7597
  20 7601
  15 7607
  10 7618
   6 7641
   5 7647
  11 7652
  21 7653
   3 766
   1 7664
   9 7667
  16 7677
  14 7691
   6 7692
   2 7694
  10 7699
   6 7709
  11 7711
   8 7722
   8 7729
  15 774
  12 7741
   5 7753
   9 7756
   8 7760
   7 7783
   4 7798
  11 780
   9 7805
  13 7811
   8 7825
   8 7832
  18 7835
   7 7836
   6 7848
  36 7850
  11 7851
  13 7854
  10 7864
  14 7866
   5 7870
   7 7873
   9 7885
  11 7889
   4 7898
  10 7905
   1 7907
  10 7909
  16 7911
  27 7916
  14 7925
   4 7929
   2 7932
   2 7941
  28 7944
   8 7945
  12 7946
  11 7955
  12 7968
  14 7978
   8 7991
  15 8009
   5 802
  22 8022
   7 8034
  15 8042
  14 8045
   8 8046
   9 8047
  12 8050
   7 8065
   1 8066
   9 8067
  11 8076
  16 8083
  13 8091
  15 8103
  15 8104
  13 8114
  11 8117
  12 8120
  14 8128
   8 8129
  11 8145
   3 8147
  15 8148
   8 8149
  12 8171
  13 8172
  10 8173
   9 8177
   7 8185
  22 8190
  12 8191
   1 8198
   3 8206
   8 8208
   3 8215
  12 8219
  10 8225
  10 8227
   1 8237
   1 8241
  18 8243
   9 8244
  10 8245
  11 825
   3 8265
   4 8266
  11 8269
   9 827
  12 8272
   1 8277
  12 8290
  13 8293
   2 8301
   7 8306
  14 8319
  15 8320
  12 8321
   1 8324
   9 8326
   3 8340
  12 835
  13 8353
  10 8356
   1 8357
   9 8383
  12 8388
   8 8391
   4 8392
   4 8397
  23 8399
  14 8402
  19 8420
  10 8422
  12 8428
   1 8433
  15 8440
  11 8448
  14 8449
   9 8451
  13 8453
  15 8456
  11 8457
   1 8458
  13 846
   9 8460
   3 8466
  14 8471
   8 85
  10 8507
   7 8509
  14 8512
   3 8527
  15 8534
  14 854
   2 8546
   1 855
   5 8550
   2 8568
  12 858
   7 8580
   3 8593
  19 8603
   8 8609
  12 8614
   6 8619
   9 8623
  11 8626
   4 8627
  14 8631
  16 8632
  13 8637
  10 864
  13 8653
   6 8654
   8 8657
  14 8658
  10 8666
  13 8667
  10 8681
  13 8692
   1 8695
  15 8697
   7 8709
   7 8714
   8 8721
   6 8724
  13 8726
   3 8734
   7 8736
   5 8750
  18 8753
  13 8757
   9 8759
  15 8769
  19 877
  10 8779
   3 8787
  15 8788
  17 8789
  19 8800
  14 8804
  17 8812
  14 8816
  12 8820
  11 8823
   6 8826
  12 8829
   4 8834
  13 8841
  15 8843
  10 8850
  11 8859
  14 887
  12 888
   6 8886
   7 8889
  13 8892
  11 8895
  14 8896
  10 8898
   2 8917
  10 8919
   8 8923
  11 8924
   7 8931
  13 8936
  31 8940
   2 8948
  16 8974
  11 8980
   6 8983
   6 9
  13 9002
  10 9004
   9 9013
   5 9015
  16 9017
   9 9036
  10 9043
   8 9046
  14 9053
   9 9055
   7 9065
   3 9067
  12 907
   1 9075
   1 908
  28 9082
  33 9083
  11 9097
   8 910
   4 9103
   9 9108
   7 911
   5 9110
  13 9136
  11 9156
  10 9163
  14 9183
   8 9184
   8 9190
   9 920
  11 922
   9 9225
   7 9252
   3 9259
  10 9265
   5 9266
   9 9270
   9 9274
   2 9285
   9 9299
  10 9302
   7 932
  23 9321
   9 9322
  17 9336
   8 9337
  11 9338
  11 9340
  20 9345
   5 9346
   9 9350
   3 9352
  13 9369
  15 9373
  13 9378
  13 939
  10 9393
   9 9394
  17 9400
  11 9414
   9 9416
   7 9417
   8 9418
  15 9425
  13 9434
   3 9437
   1 9439
  13 9446
  11 9449
  10 945
  10 9450
  14 9453
  11 9462
   2 947
  11 9479
  10 9483
   2 9485
  30 9486
  25 9487
  12 9490
   8 9507
  10 9510
  11 9511
   3 9517
   2 9523
   6 9527
   8 9529
   1 9531
  13 9536
   7 9540
   9 9541
  35 9543
   9 9553
   1 9556
  12 9569
   2 9572
  10 9576
  29 9578
   4 9581
   9 959
  10 9612
   8 9616
   1 9634
   9 9640
   3 9650
  10 9655
   3 966
   3 9666
   1 9667
   8 9673
   8 9674
   9 9676
  23 9681
  10 9682
   8 9684
  13 9685
   1 9710
  11 9713
  13 9718
  11 973
   3 9731
  18 9735
  11 9738
   8 9746
  11 9759
   9 9769
   4 9770
  12 9771
  14 9784
   2 9792
   1 9796
  12 9804
   5 9818
  11 9822
  11 9826
   6 9835
   9 9842
   9 9849
  12 985
  10 9856
  21 9864
   1 9866
   6 9867
   7 9878
   9 9879
   8 9894
   7 9898
  12 9905
  11 9907
   7 9908
  10 9916
  10 9928
  15 9931
   1 9936
  29 9939
   3 994
   2 9944
   7 9947
  16 995
  11 9958
   3 9969
  11 997
   7 9970
  15 9979
   8 998
   9 9983
   1 9987
   3 9992
   9 9995
 241 tig00000109
>Enterococcus_faecalis_complete_genome:
2832 Enterococcus_faecalis_complete_genome
  14 Listeria_monocytogenes_complete_genome
>Escherichia_coli_complete_genome:
4784 Escherichia_coli_chromosome
 102 Escherichia_coli_plasmid
>Lactobacillus_fermentum_complete_genome:
1906 Lactobacillus_fermentum_complete_genome
>Listeria_monocytogenes_complete_genome:
  18 Enterococcus_faecalis_complete_genome
2975 Listeria_monocytogenes_complete_genome
>Pseudomonas_aeruginosa_complete_genome:
6794 Pseudomonas_aeruginosa_complete_genome
>Saccharomyces_cerevisiae_draft_genome:
1531 tig00000001
1054 tig00000003
  47 tig00000004
  29 tig00000006
 578 tig00000011
 910 tig00000018
  42 tig00000019
 922 tig00000023
  52 tig00000025
  24 tig00000027
 808 tig00000031
 531 tig00000036
  41 tig00000038
 109 tig00000042
 224 tig00000047
  36 tig00000050
 631 tig00000051
  63 tig00000054
 495 tig00000055
 393 tig00000063
 430 tig00000069
 582 tig00000071
 592 tig00000072
  51 tig00000075
  49 tig00000078
  27 tig00000079
  40 tig00000080
  35 tig00000086
  44 tig00000091
  21 tig00000093
 137 tig00000094
  44 tig00000096
 234 tig00000104
  52 tig00000105
 125 tig00000109
  53 tig00000114
  37 tig00000123
  98 tig00000125
 256 tig00000128
  81 tig00000132
  41 tig00000134
 113 tig00000136
 172 tig00000139
 215 tig00000140
  95 tig00000161
  42 tig00000163
  44 tig00000172
  33 tig00000304
 403 tig00000306
  50 tig00000307
 608 tig00000308
>Salmonella_enterica_complete_genome:
4770 Salmonella_enterica_chromosome
  50 Salmonella_enterica_plasmid1
>Staphylococcus_aureus_complete_genome:
2731 Staphylococcus_aureus_chromosome
   6 Staphylococcus_aureus_plasmid1
   2 Staphylococcus_aureus_plasmid2
   1 Staphylococcus_aureus_plasmid3
